%YAML:1.0
---
descriptors: !!opencv-matrix
   rows: 31
   cols: 128
   dt: f
   data: [ 1., 0., 0., 0., 0., 0., 0., 0., 151., 9., 0., 0., 0., 0., 0.,
       0., 199., 25., 0., 0., 0., 0., 0., 0., 31., 3., 0., 0., 0., 2.,
       0., 1., 1., 0., 0., 0., 0., 0., 0., 0., 172., 9., 0., 0., 0., 0.,
       0., 1., 199., 29., 0., 0., 0., 0., 0., 0., 47., 3., 1., 0., 0.,
       0., 1., 0., 1., 0., 0., 0., 0., 0., 0., 0., 161., 4., 0., 0., 0.,
       0., 0., 2., 199., 18., 0., 0., 0., 0., 0., 2., 53., 4., 1., 0.,
       0., 0., 0., 0., 1., 0., 0., 0., 0., 0., 0., 0., 126., 1., 0., 0.,
       0., 0., 0., 4., 199., 3., 0., 0., 0., 0., 0., 8., 42., 1., 0., 0.,
       0., 0., 0., 1., 1., 0., 0., 0., 0., 0., 1., 1., 151., 15., 0., 0.,
       0., 0., 0., 1., 200., 39., 0., 0., 0., 0., 0., 0., 30., 7., 1.,
       0., 0., 0., 0., 0., 1., 0., 0., 0., 0., 0., 2., 3., 171., 6., 0.,
       0., 0., 0., 1., 4., 200., 21., 0., 0., 0., 0., 0., 2., 51., 4.,
       0., 0., 0., 0., 2., 5., 1., 3., 1., 0., 0., 0., 0., 1., 151., 15.,
       1., 0., 0., 0., 0., 0., 200., 25., 0., 0., 0., 0., 0., 0., 63.,
       6., 1., 0., 0., 0., 1., 2., 1., 1., 0., 0., 0., 0., 0., 0., 114.,
       4., 0., 0., 0., 0., 0., 1., 200., 7., 0., 0., 0., 0., 0., 2., 58.,
       1., 0., 0., 0., 0., 1., 5., 3., 0., 0., 0., 0., 0., 0., 2., 94.,
       0., 0., 0., 0., 0., 0., 14., 194., 0., 0., 0., 0., 0., 0., 49.,
       75., 0., 0., 0., 0., 0., 0., 15., 4., 1., 0., 0., 0., 0., 0., 1.,
       155., 1., 0., 0., 0., 0., 0., 10., 194., 1., 0., 0., 0., 0., 0.,
       36., 78., 5., 0., 0., 0., 0., 0., 6., 2., 2., 1., 0., 0., 0., 0.,
       0., 177., 2., 0., 0., 0., 0., 0., 9., 194., 1., 0., 0., 0., 0.,
       0., 19., 69., 8., 0., 0., 0., 0., 0., 2., 2., 1., 0., 0., 0., 0.,
       1., 2., 151., 1., 0., 0., 0., 0., 0., 6., 194., 0., 0., 0., 0.,
       0., 0., 11., 50., 1., 0., 0., 0., 0., 0., 8., 1., 0., 0., 0., 0.,
       0., 0., 1., 126., 0., 0., 0., 0., 0., 0., 6., 190., 0., 0., 0.,
       0., 0., 0., 25., 44., 1., 0., 0., 0., 0., 0., 3., 2., 0., 0., 0.,
       0., 0., 0., 1., 175., 0., 0., 0., 0., 0., 0., 7., 190., 0., 0.,
       0., 0., 0., 0., 23., 45., 1., 0., 0., 0., 0., 0., 3., 3., 0., 0.,
       0., 0., 0., 0., 0., 184., 0., 0., 0., 0., 0., 0., 16., 190., 0.,
       0., 0., 0., 0., 0., 26., 39., 0., 0., 0., 0., 0., 0., 2., 3., 1.,
       0., 0., 0., 0., 0., 0., 168., 0., 0., 0., 0., 0., 0., 13., 190.,
       0., 0., 0., 0., 0., 0., 26., 26., 1., 0., 0., 0., 0., 0., 2., 12.,
       7., 26., 10., 2., 33., 78., 52., 27., 117., 19., 0., 16., 74.,
       26., 1., 94., 117., 1., 2., 3., 1., 0., 0., 7., 7., 1., 33., 81.,
       0., 0., 0., 88., 77., 0., 1., 24., 33., 23., 33., 37., 17., 0.,
       1., 117., 117., 14., 9., 117., 56., 2., 13., 15., 11., 6., 26.,
       19., 9., 2., 108., 85., 0., 0., 0., 116., 68., 1., 1., 8., 5.,
       15., 72., 24., 7., 1., 8., 51., 108., 58., 27., 53., 4., 2., 90.,
       16., 21., 47., 57., 5., 2., 1., 117., 43., 0., 0., 3., 11., 0.,
       27., 19., 0., 0., 34., 75., 4., 0., 46., 112., 4., 9., 8., 10.,
       0., 0., 18., 117., 7., 4., 4., 2., 4., 0., 1., 51., 4., 0., 0.,
       42., 0., 0., 7., 37., 0., 0., 11., 50., 1., 2., 4., 4., 0., 0.,
       60., 123., 3., 8., 3., 1., 0., 0., 112., 97., 0., 1., 11., 10.,
       0., 1., 116., 25., 8., 0., 0., 4., 8., 2., 17., 123., 7., 19.,
       40., 77., 48., 3., 26., 79., 59., 108., 46., 26., 9., 1., 9., 19.,
       6., 8., 51., 104., 56., 5., 5., 3., 23., 0., 0., 5., 54., 6., 4.,
       104., 37., 9., 6., 66., 123., 11., 2., 5., 123., 51., 9., 14.,
       27., 7., 0., 20., 17., 6., 6., 31., 123., 52., 0., 6., 13., 0.,
       0., 0., 38., 15., 0., 17., 12., 9., 0., 1., 123., 105., 0., 0.,
       64., 113., 44., 8., 18., 35., 4., 1., 7., 20., 54., 78., 50., 5.,
       3., 12., 2., 0., 0., 35., 117., 4., 0., 1., 88., 2., 2., 15., 34.,
       1., 0., 70., 53., 20., 41., 21., 29., 8., 1., 65., 7., 11., 7.,
       44., 67., 83., 11., 4., 13., 0., 0., 28., 125., 2., 0., 2., 125.,
       3., 2., 8., 34., 14., 3., 44., 29., 62., 50., 27., 57., 100., 8.,
       11., 2., 77., 66., 35., 29., 59., 18., 3., 12., 2., 0., 1., 125.,
       37., 0., 0., 125., 52., 0., 0., 25., 14., 3., 7., 62., 25., 2.,
       0., 10., 125., 49., 6., 0., 8., 20., 8., 4., 80., 125., 11., 2.,
       1., 0., 1., 118., 56., 0., 0., 84., 87., 0., 0., 37., 23., 0., 0.,
       66., 122., 0., 0., 0., 7., 8., 0., 1., 12., 1., 0., 10., 17., 32.,
       0., 6., 36., 35., 66., 63., 3., 1., 0., 10., 49., 29., 109., 27.,
       13., 12., 3., 11., 11., 26., 80., 16., 17., 45., 40., 30., 115.,
       18., 1., 6., 28., 21., 6., 7., 28., 12., 20., 123., 33., 8., 0.,
       40., 44., 41., 80., 20., 10., 29., 13., 123., 15., 2., 19., 35.,
       22., 32., 78., 61., 14., 0., 4., 111., 57., 17., 19., 1., 52.,
       26., 3., 45., 79., 70., 1., 11., 15., 23., 6., 2., 31., 123., 39.,
       66., 5., 21., 8., 19., 21., 76., 120., 19., 1., 15., 25., 53.,
       67., 29., 31., 0., 84., 67., 0., 0., 12., 13., 1., 0., 57., 123.,
       0., 0., 2., 26., 4., 0., 7., 123., 28., 1., 2., 10., 8., 0., 0.,
       91., 75., 4., 6., 5., 5., 22., 9., 29., 110., 18., 1., 5., 26.,
       19., 19., 59., 14., 0., 7., 110., 56., 28., 34., 21., 1., 12.,
       21., 62., 64., 6., 4., 0., 0., 93., 69., 4., 8., 42., 37., 9., 9.,
       26., 92., 15., 17., 34., 83., 122., 10., 3., 23., 31., 21., 79.,
       116., 66., 5., 20., 8., 22., 22., 11., 8., 0., 10., 122., 23., 2.,
       3., 9., 2., 13., 56., 33., 104., 20., 12., 32., 13., 39., 44.,
       43., 77., 17., 13., 122., 36., 10., 17., 23., 4., 2., 40., 24.,
       3., 0., 65., 122., 0., 0., 2., 1., 0., 8., 31., 31., 70., 71., 2.,
       10., 0., 7., 25., 10., 24., 122., 35., 66., 1., 1., 63., 25., 2.,
       38., 76., 11., 1., 0., 87., 61., 0., 0., 14., 27., 58., 45., 6.,
       7., 53., 33., 5., 21., 42., 126., 53., 2., 21., 21., 3., 122.,
       93., 31., 5., 22., 5., 1., 1., 9., 3., 0., 4., 126., 18., 0., 0.,
       2., 2., 35., 63., 16., 80., 70., 1., 41., 6., 30., 64., 45., 62.,
       52., 10., 126., 27., 1., 15., 29., 5., 4., 24., 20., 3., 0., 47.,
       126., 0., 0., 1., 1., 0., 24., 49., 38., 57., 113., 8., 8., 0.,
       18., 32., 7., 5., 126., 72., 72., 2., 0., 58., 41., 3., 68., 104.,
       11., 1., 0., 92., 94., 0., 0., 7., 0., 0., 3., 4., 0., 13., 51.,
       3., 0., 0., 9., 64., 3., 1., 63., 12., 0., 0., 2., 126., 35., 2.,
       14., 5., 16., 0., 0., 51., 21., 0., 0., 41., 0., 2., 28., 9., 0.,
       14., 115., 4., 0., 5., 37., 1., 0., 75., 115., 0., 0., 8., 10.,
       0., 0., 123., 62., 0., 0., 57., 9., 0., 0., 49., 8., 0., 3., 10.,
       116., 81., 62., 7., 5., 6., 6., 67., 123., 5., 2., 18., 18., 8.,
       70., 97., 63., 1., 1., 81., 20., 3., 10., 5., 0., 0., 15., 123.,
       10., 2., 23., 2., 14., 46., 123., 16., 5., 44., 46., 13., 19., 1.,
       56., 64., 36., 67., 123., 29., 5., 0., 18., 19., 3., 25., 38., 1.,
       0., 0., 37., 92., 2., 5., 23., 5., 18., 27., 8., 2., 19., 115.,
       27., 3., 3., 0., 69., 66., 27., 66., 123., 0., 0., 0., 16., 16.,
       24., 74., 22., 0., 0., 0., 23., 14., 0., 6., 2., 0., 0., 8., 10.,
       0., 0., 0., 144., 12., 0., 0., 0., 0., 0., 17., 144., 24., 0., 0.,
       0., 0., 0., 28., 8., 2., 0., 0., 0., 0., 0., 1., 1., 0., 0., 1.,
       0., 0., 0., 0., 144., 53., 0., 0., 0., 0., 0., 7., 144., 112., 0.,
       0., 0., 0., 0., 15., 22., 6., 0., 0., 0., 0., 0., 1., 1., 0., 0.,
       0., 0., 6., 7., 2., 144., 5., 0., 0., 0., 0., 1., 105., 144., 10.,
       0., 0., 0., 0., 0., 144., 19., 1., 0., 0., 0., 0., 0., 7., 1., 0.,
       0., 0., 0., 93., 129., 8., 126., 0., 0., 0., 0., 13., 53., 144.,
       105., 0., 0., 0., 0., 0., 0., 108., 2., 0., 0., 2., 1., 0., 0.,
       2., 2., 0., 0., 45., 126., 1., 0., 1., 70., 3., 2., 21., 49., 2.,
       1., 74., 42., 22., 30., 20., 33., 6., 3., 76., 5., 5., 10., 56.,
       76., 42., 3., 11., 15., 0., 0., 41., 126., 1., 0., 3., 126., 3.,
       2., 10., 41., 19., 6., 66., 18., 39., 50., 19., 41., 101., 16.,
